8.000000
16.000000
18.000000
21.000000
27.000000
32.000000
33.000000
34.000000
44.000000
47.000000
48.000000
49.000000
50.000000
52.000000
53.000000
54.000000
56.000000
59.000000
64.000000
80.000000
84.000000
86.000000
87.000000
88.000000
89.000000
91.000000
95.000000
96.000000
98.000000
101.000000
103.000000
112.000000
115.000000
116.000000
117.000000
118.000000
119.000000
121.000000
122.000000
123.000000
125.000000
126.000000
127.000000
128.000000
138.000000
140.000000
141.000000
144.000000
149.000000
157.000000
158.000000
159.000000
161.000000
162.000000
163.000000
164.000000
166.000000
167.000000
168.000000
169.000000
170.000000
171.000000
173.000000
174.000000
175.000000
176.000000
177.000000
178.000000
179.000000
182.000000
183.000000
184.000000
185.000000
186.000000
187.000000
189.000000
193.000000
194.000000
195.000000
196.000000
198.000000
201.000000
202.000000
206.000000
208.000000
209.000000
210.000000
211.000000
212.000000
213.000000
214.000000
215.000000
217.000000
218.000000
219.000000
220.000000
223.000000
230.000000
240.000000
241.000000
264.000000
269.000000
275.000000
278.000000
280.000000
281.000000
282.000000
283.000000
284.000000
289.000000
291.000000
295.000000
296.000000
300.000000
305.000000
306.000000
308.000000
310.000000
311.000000
312.000000
314.000000
315.000000
316.000000
317.000000
318.000000
320.000000
321.000000
