0.409623
0.329083
0.414952
0.426310
0.391162
0.428569
0.334620
0.386658
0.283902
0.438902
0.401918
0.404478
0.455334
0.433834
0.530899
0.527674
0.266984
0.457353
0.254484
0.322994
0.467036
0.202212
0.487093
0.424613
0.419918
0.467646
0.432464
0.259945
0.394781
0.307715
0.514780
0.416775
0.228212
0.095538
0.258812
0.425394
0.365442
0.364756
0.333305
0.427464
0.477161
0.307035
0.457886
0.402348
0.288633
0.300353
0.341457
0.285455
0.206256
0.133385
0.249015
0.388976
0.264056
0.271282
0.265250
0.362636
0.176317
0.304151
0.490591
0.242876
0.461068
0.498869
0.444894
0.464318
0.193801
0.322862
0.313541
0.405470
0.455971
0.513875
0.505567
0.392587
0.364519
0.326597
0.368997
0.498417
0.398459
0.372762
0.487653
0.300519
0.166320
0.454651
0.465087
0.528852
0.293390
0.428194
0.120571
0.269298
0.254283
0.137124
0.451925
0.207764
0.390146
0.345450
0.348304
0.224938
0.294537
0.303510
0.294917
0.354860
0.531211
0.295260
0.355365
0.235293
0.393409
0.360878
0.513270
0.505010
0.339502
0.344780
0.303098
0.377297
0.284122
0.459039
0.331209
0.256966
0.280020
0.289211
0.210469
0.210142
0.448747
0.224427
0.267188
0.272709
0.326853
0.200484
0.207137
0.218204
0.050774
0.381235
0.456872
0.429547
0.335017
0.340083
0.512941
0.418387
0.410410
0.477190
-0.090066
0.383835
0.148831
-3.208833
0.439344
0.441226
0.296391
0.446860
0.325694
0.398875
0.534339
0.238009
0.556498
0.392366
0.549024
0.394840
0.379414
0.314833
0.365704
0.222019
0.233129
0.093671
0.371793
0.297610
0.180372
0.155452
0.140275
0.429976
-0.396805
0.168583
0.238993
0.127067
0.056346
0.062350
0.504009
0.258217
0.104590
0.201824
0.153701
0.250747
-0.700242
0.271966
0.343585
0.438668
0.215890
0.198950
-1.019305
0.229075
0.232421
0.234054
0.337133
0.045704
0.322366
0.404259
0.403217
-0.320766
-0.287116
0.245956
0.112746
0.397189
0.245596
0.312557
0.379725
0.267691
0.292705
0.421927
0.394293
0.394127
0.214644
0.375515
0.116635
0.138732
0.188533
0.192235
0.180186
0.131516
0.261944
0.250986
0.377034
0.277260
0.185032
0.021039
0.269271
0.398812
0.338329
0.105469
0.329717
0.306310
0.333094
0.338928
0.352828
0.320859
0.232850
0.407702
0.421431
0.375762
0.314774
0.330968
0.319943
0.375605
0.377498
0.428079
0.257315
-0.073712
0.324599
0.316249
0.430217
0.351008
0.456973
0.416910
0.457400
0.409819
0.366109
0.460219
0.420838
0.374998
0.371483
0.416971
0.386331
0.388672
0.404118
0.419470
0.460635
0.417309
0.372091
0.463432
-0.064672
0.384107
0.403884
0.449269
0.435046
0.093294
0.420173
0.443747
0.352021
0.388243
0.436901
0.274732
0.427153
0.310703
0.282890
0.365045
0.282749
0.287759
0.195201
0.274807
0.256221
0.380875
0.317064
0.320025
0.353386
0.244779
0.339023
-0.303287
0.300309
0.344578
0.390784
0.256879
0.230389
0.333168
0.306484
0.357838
0.256024
0.375057
0.518464
0.301284
0.314770
0.281868
0.217737
0.338123
0.253142
0.362104
0.281323
0.260275
0.245387
0.304867
0.192332
0.237504
0.236604
0.203623
0.149856
0.317826
0.152942
0.293469
0.352336
0.369315
